tables/count_rates.ecsv
# %ECSV 0.9
# ---
# datatype:
# - {name: target, datatype: string}
# - {name: band, datatype: string}
# - {name: src_300, datatype: int64}
# - {name: bkg_300, datatype: int64}
# - {name: area_scale_300, datatype: float64}
# - {name: net_300, datatype: float64}
# - {name: lo_300, datatype: float64}
# - {name: hi_300, datatype: float64}
# - {name: src_200, datatype: int64}
# - {name: bkg_200, datatype: int64}
# - {name: area_scale_200, datatype: float64}
# - {name: net_200, datatype: float64}
# - {name: lo_200, datatype: float64}
# - {name: hi_200, datatype: float64}
# - {name: ontime, datatype: float64}
# delimiter: ','
# schema: astropy-2.0
target,band,src_300,bkg_300,area_scale_300,net_300,lo_300,hi_300,src_200,bkg_200,area_scale_200,net_200,lo_200,hi_200,ontime
HD 2071,02-10,14,22,0.247524752475,0.0012103526656372973,2.7037271077843457,15.393597349464207,11,22,0.110325318246,0.0012129542834697527,3.585164072060279,14.513847281814659,7067.73793161
HD 2071,02-04,5,11,0.247524752475,0.00032220036238047917,0.1515649507806157,6.793400096700188,4,11,0.110325318246,0.0003942451639062493,0.30135520559581597,6.561552471993173,7067.73793161
HD 2071,O7,2,6,0.247524752475,7.2845299320927e-05,0.0,3.0803036438575746,2,6,0.110325318246,0.00018931772845448422,0.0,3.3456393380431724,7067.73793161
HD 42618,02-10,8,4,0.251758087201,0.0035561091358928274,2.8032079677066086,12.122415388695147,4,4,0.10970464135,0.001810955014497612,0.8372318275529207,7.25649835212623,1966.46598402
HD 42618,02-04,3,4,0.251758087201,0.0010134767991876591,0.11029814242632277,5.41787161462539,1,4,0.10970464135,0.00028537561247451125,0.0,2.1541156292972334,1966.46598402
HD 42618,O7,2,0,0.251758087201,0.0010170529346820673,0.0,-1.0,0,0,0.10970464135,0.0,0.0,-1.0,1966.46598402
HD 114174,02-10,17,51,0.25390070922,0.0002670392543665777,0.44061888167445623,12.31560272555281,7,51,0.110638297872,8.948059048758403e-05,0.07199071932885015,6.988935493324199,15170.293369
HD 114174,02-04,5,26,0.25390070922,-0.00010556278647797589,0.0,4.006504183157284,2,26,0.110638297872,-5.778370420069099e-05,0.0,2.7558027517063493,15170.293369
HD 114174,O7,7,9,0.25390070922,0.0003107977876456055,0.9507860839106044,9.646408551834154,4,9,0.110638297872,0.00019803541342787066,0.4073032750533366,6.747169640513022,15170.293369
HD 25874,02-10,17,36,0.247538677918,0.000937948602448099,1.8712322221130735,15.717830414869342,6,36,0.113924050633,0.0002201757282734155,0.10135275654391365,6.896008221984989,8623.7215705
HD 25874,02-04,6,18,0.247538677918,0.0001790762589968987,0.08338480726342958,6.832741415380389,1,18,0.113924050633,-0.00012183056964501287,0.0,2.1541156292972334,8623.7215705
HD 25874,O7,4,9,0.247538677918,0.00020549734638930967,0.07580797229371967,5.918671092910917,3,9,0.113924050633,0.00022898275740464434,0.09426338836721615,5.350477052958845,8623.7215705
HD 210918,02-10,23,52,0.248945147679,0.0008132074622916977,2.587744274351987,18.86880233450697,15,52,0.112517580872,0.000739951677465232,3.2015606318994587,16.079501855221157,12364.4368589
HD 210918,02-04,11,29,0.248945147679,0.0003057632757926785,0.39849040994543655,10.322209851116455,6,29,0.112517580872,0.00022135987153688256,0.21687418373315134,7.478437423468102,12364.4368589
HD 210918,O7,8,8,0.248945147679,0.000485945206169506,1.7885465072879354,11.197073588437444,6,8,0.112517580872,0.00041246191890681125,1.5991261412592024,9.565415415320945,12364.4368589
HD 45289,02-10,12,28,0.250708215297,0.0004031106088261411,0.6832690556040166,11.605720424331638,4,28,0.110481586402,7.337622003703044e-05,0.0006157049177046251,5.340895850108598,12354.3510457
HD 45289,02-04,6,9,0.250708215297,0.0003030208586820098,0.5321359057644677,8.390412517616909,3,9,0.110481586402,0.0001623448868307885,0.10124386128277564,5.370808141743088,12354.3510457
HD 45289,O7,2,12,0.250708215297,-8.163104479008743e-05,0.0,2.785725454570198,0,12,0.110481586402,-0.00010731272180301568,0.0,-1.0,12354.3510457
HD 135101,02-10,26,82,0.253182461103,0.00029661161694475896,0.6294707700639455,15.35420114909407,16,82,0.110325318246,0.00039366703803902657,1.3592231026683066,14.215987861231374,17662.9568441
HD 135101,02-04,9,22,0.253182461103,0.00019419092092045313,0.34236892120879464,9.358943170900258,5,22,0.110325318246,0.00014566321037280983,0.19311442315891542,6.895269042185887,17662.9568441
HD 135101,O7,9,36,0.253182461103,-6.486377151868003e-06,0.045214921648796653,7.22858269153745,7,36,0.110325318246,0.00017144856152188052,0.26718130538590873,8.114037999368549,17662.9568441
HD 39881,02-10,13,40,0.247538677918,0.0002355659029395744,0.29980576420196897,10.46071819132642,6,40,0.10970464135,0.0001225413185513778,0.07625753021628301,6.712854453000449,13153.2316206
HD 39881,02-04,8,22,0.247538677918,0.00019418414876871831,0.20390824429643778,8.337255441653813,4,22,0.10970464135,0.0001206165857989833,0.04578110579832846,5.705164634482342,13153.2316206
HD 39881,O7,2,8,0.247538677918,1.4970143630073047e-06,0.0,2.9586464374482127,0,8,0.10970464135,-6.67240687395396e-05,0.0,-1.0,13153.2316206
